Hidato 1:

8 8

0 33 35 0 0 -1 -1 -1
0 0 24 22 0 -1 -1 -1
0 0 0 21 0 0 -1 -1
0 26 0 13 40 11 -1 -1
27 0 0 0 9 0 1 -1
-1 -1 0 0 18 0 0 -1
-1 -1 -1 -1 0 7 0 0
-1 -1 -1 -1 -1 -1 5 0

Hidato 2:

10 10
-1 -1 -1 -1 -1 -1 0 1 -1 -1
0 73 -1 -1 0 0 0 39 0 35
0 0 75 0 0 41 0 0 37 0
0 78 0 0 6 0 8 0 31 0
0 0 68 0 0 0 0 0 30 0
80 0 64 0 0 12 0 21 0 0
0 51 49 0 47 0 0 20 23 0
0 55 0 48 14 16 18 0 0 27
0 0 0 58 0 0 -1 -1 25 0
-1 -1 57 59 -1 -1 -1 -1 -1 -1

Hidato 3: 

8 8
-1 -1 -1 29 0 -1 -1 -1
-1 0 32 0 0 24 25 -1
-1 0 0 0 23 0 0 -1
0 5 1 0 0 0 15 0
4 7 0 37 13 0 18 17
-1 8 10 12 0 19 0 -1
-1 0 0 0 40 43 44 -1
-1 -1 -1 0 0 -1 -1 -1

Hidato 4:

12 12

69 0 0 75 0 0 0 0 16 14 0 0
0 0 71 0 76 0 24 0 17 0 0 0
63 0 0 0 0 26 0 0 18 0 1 0
0 65 0 -1 -1 29 0 -1 -1 0 5 0
0 59 0 -1 0 31 32 0 -1 0 0 3
60 0 0 80 82 0 0 0 0 0 0 0
0 0 0 55 0 83 0 88 0 94 96 0
0 0 53 -1 0 0 37 36 -1 0 93 0
0 0 0 -1 -1 39 0 -1 -1 132 0 0
0 51 124 0 43 0 41 0 0 0 0 0
121 0 0 126 117 128 0 114 0 109 104 0
0 0 0 0 0 0 0 112 111 0 0 106

Hidato 5:

8 8

0 0 0 0 0 0 0 36
0 -1 -1 -1 -1 -1 -1 -1
0 0 0 0 0 0 0 0
-1 -1 -1 -1 -1 -1 -1 0
0 0 0 0 0 0 0 0
0 -1 -1 -1 -1 -1 -1 -1
0 0 0 0 0 0 0 0
-1 -1 -1 -1 -1 -1 -1 1

